707106.7811865  707106.7811865              0  0.8095565383882  0.5870418192072  1.623976611553e-05 
703571.2472806  703571.2472806              0  0.8099633548164  0.5864803891303  5.851092631744e-05 
700035.7133747  700035.7133747              0  0.8103836680754  0.5858994749472  3.925246501174e-05 
696500.1794687  696500.1794687              0  0.8108155925675  0.585301596081  4.229937698744e-05 
692964.6455628  692964.6455628              0  0.8112508486878  0.584698164424  4.281148926453e-05 
689429.1116569  689429.1116569              0  0.8116903135668  0.5840879366693  4.647384689761e-05 
685893.577751  685893.577751              0  0.8121442743735  0.5834565600742  6.589105280205e-05 
682358.043845  682358.043845              0  0.8125769731763  0.582853793311  4.248908826036e-05 
678822.5099391  678822.5099391              0  0.8130371935383  0.5822116461306  6.564971570505e-05 
675286.9760332  675286.9760332              0  0.8134822339921  0.5815896620433  5.533922033945e-05 
671751.4421272  671751.4421272              0  0.8139361165916  0.5809542822497  4.96963096989e-05 
668215.9082213  668215.9082213              0  0.8143956564418  0.5803099130049  4.790503970828e-05 
664680.3743154  664680.3743154              0  0.8148595829969  0.57965829503  5.064680935826e-05 
661144.8404094  661144.8404094              0  0.8153378129261  0.5789854292558  6.782039509416e-05 
657609.3065035  657609.3065035              0  0.8158064516978  0.5783249174082  6.526279391877e-05 
654073.7725976  654073.7725976              0  0.8162714586372  0.5776684028891  4.450239625109e-05 
650538.2386916  650538.2386916              0  0.8167697238352  0.5769636842553  7.005362050299e-05 
647002.7047857  647002.7047857              0  0.8172481151697  0.5762858602978  6.964721340626e-05 
643467.1708798  643467.1708798              0  0.8177243095704  0.5756099624286  5.921420773831e-05 
639931.6369738  639931.6369738              0  0.8182202191242  0.5749048155097  6.788858844988e-05 
636396.1030679  636396.1030679              0  0.8187150603683  0.5741998985525  6.779229095124e-05 
632860.569162  632860.569162              0  0.8192123126831  0.5734902440866  6.642978561993e-05 
629325.035256  629325.035256              0  0.8197098924709  0.5727788104299  5.862857031282e-05 
625789.5013501  625789.5013501              0  0.8202217498145  0.5720455869123  6.683365726995e-05 
622253.9674442  622253.9674442              0  0.8207295791769  0.5713167514939  6.13027552185e-05 
618718.4335382  618718.4335382              0  0.8212490037273  0.5705698425053  6.791334824185e-05 
615182.8996323  615182.8996323              0  0.82176117178  0.569831947862  5.200442268905e-05 
611647.3657264  611647.3657264              0  0.8222879990503  0.5690714520427  6.053882763362e-05 
608111.8318204  608111.8318204              0  0.8228182199714  0.5683045375964  6.354428504109e-05 
604576.2979145  604576.2979145              0  0.8233520433857  0.5675308647196  6.481361570575e-05 
601040.7640086  601040.7640086              0  0.8238903632715  0.5667490964823  6.614807788007e-05 
597505.2301026  597505.2301026              0  0.8244306611518  0.565962855431  6.359316046474e-05 
593969.6961967  593969.6961967              0  0.8249758849164  0.5651678145005  6.023590710707e-05 
590434.1622908  590434.1622908              0  0.8255475278079  0.5643324768567  7.71752352516e-05 
586898.6283848  586898.6283848              0  0.8260849284559  0.5635455251997  6.238684962424e-05 
583363.0944789  583363.0944789              0  0.8266495920016  0.5627169074077  7.077503558368e-05 
579827.560573  579827.560573              0  0.8272121337564  0.5618896261837  6.555724151789e-05 
576292.026667  576292.026667              0  0.8277945627076  0.561031216222  7.870178613436e-05 
572756.4927611  572756.4927611              0  0.8283568333864  0.560200698232  6.148697801061e-05 
569220.9588552  569220.9588552              0  0.8289528400157  0.5593183808568  8.010932684077e-05 
565685.4249492  565685.4249492              0  0.8295431340343  0.5584425219907  8.050865704323e-05 
562149.8910433  562149.8910433              0  0.8301235137961  0.5575794237054  7.696151472651e-05 
558614.3571374  558614.3571374              0  0.8307298991074  0.5566755742644  8.16422527626e-05 
555078.8232314  555078.8232314              0  0.8313294905532  0.5557797565524  8.190853950917e-05 
551543.2893255  551543.2893255              0  0.8319305564098  0.5548796345549  8.105400917751e-05 
548007.7554196  548007.7554196              0  0.8325432624327  0.553959903896  8.177475344254e-05 
544472.2215136  544472.2215136              0  0.8331547226479  0.5530398424071  7.866937514708e-05 
540936.6876077  540936.6876077              0  0.8337802264897  0.5520963610121  8.12156466471e-05 
537401.1537018  537401.1537018              0  0.8344084506417  0.5511464370937  8.127759459193e-05 
533865.6197958  533865.6197958              0  0.8350405757815  0.5501882351365  8.051220878106e-05 
530330.0858899  530330.0858899              0  0.8356793360614  0.5492175380302  8.036033364187e-05 
526794.551984  526794.551984              0  0.8363234083638  0.5482362748588  7.958411402082e-05 
523259.018078  523259.018078              0  0.8369705196009  0.5472478470872  7.43119773637e-05 
519723.4841721  519723.4841721              0  0.8376281040451  0.5462408034297  7.607674966029e-05 
516187.9502662  516187.9502662              0  0.8382869201225  0.545229214688  6.815994581847e-05 
512652.4163602  512652.4163602              0  0.8389805637426  0.5441612493923  8.80298810409e-05 
509116.8824543  509116.8824543              0  0.8396504878356  0.5431269738874  8.88271167807e-05 
505581.3485484  505581.3485484              0  0.8403292363859  0.5420762167951  8.928859475741e-05 
502045.8146424  502045.8146424              0  0.8410256168286  0.540995157669  8.847652785165e-05 
498510.2807365  498510.2807365              0  0.841712171332  0.5399263560341  9.084596811354e-05 
494974.7468306  494974.7468306              0  0.8423913186879  0.5388661423297  6.756372744956e-05 
491439.2129246  491439.2129246              0  0.8431097485064  0.5377413885116  8.911482285342e-05 
487903.6790187  487903.6790187              0  0.843826206402  0.5366164190626  9.196465489386e-05 
484368.1451128  484368.1451128              0  0.8445487345402  0.5354785536302  9.353873151463e-05 
480832.6112069  480832.6112069              0  0.8452649776467  0.5343472333376  8.761373090768e-05 
477297.0773009  477297.0773009              0  0.846004885302  0.5331749989386  9.440609189978e-05 
473761.543395  473761.543395              0  0.8467408689684  0.5320054008422  9.238404280374e-05 
470226.0094891  470226.0094891              0  0.8474785283288  0.5308295311372  8.288616131617e-05 
466690.4755831  466690.4755831              0  0.8482326051987  0.5296237284065  8.512359388817e-05 
463154.9416772  463154.9416772              0  0.8489894417608  0.5284096651793  7.923259214626e-05 
459619.4077713  459619.4077713              0  0.849758488348  0.5271720369646  8.385174642064e-05 
456083.8738653  456083.8738653              0  0.8505328439097  0.5259217870352  8.375606598146e-05 
452548.3399594  452548.3399594              0  0.8513368378674  0.5246193170825  9.987019103883e-05 
449012.8060535  449012.8060535              0  0.852123430585  0.5233407093546  0.0001003181149388 
445477.2721475  445477.2721475              0  0.8529158497954  0.5220482659586  0.0001009263009132 
441941.7382416  441941.7382416              0  0.8537206557982  0.5207311013689  0.0001017780780857 
438406.2043357  438406.2043357              0  0.854531033583  0.5194001829111  0.0001022621606429 
434870.6704297  434870.6704297              0  0.8553544825883  0.5180429953867  0.0001039493827369 
431335.1365238  431335.1365238              0  0.8561748580513  0.5166860252433  0.0001028083833964 
427799.6026179  427799.6026179              0  0.8570118043929  0.5152966155799  0.0001045601735613 
424264.0687119  424264.0687119              0  0.8578591148411  0.5138847850212  0.0001059718672197 
420728.534806  420728.534806              0  0.8587057409991  0.5124688118114  0.0001060663101934 
417193.0009001  417193.0009001              0  0.8595647139817  0.511026746208  0.0001072807961672 
413657.4669941  413657.4669941              0  0.86041059983  0.5096012539064  8.327119996372e-05 
410121.9330882  410121.9330882              0  0.861307132773  0.5080844953122  0.0001098699737919 
406586.3991823  406586.3991823              0  0.8621917436505  0.506581906227  0.0001099539555463 
403050.8652763  403050.8652763              0  0.8630680976078  0.505087409686  0.0001002536521962 
399515.3313704  399515.3313704              0  0.8639837601444  0.503519504056  0.0001121157022951 
395979.7974645  395979.7974645              0  0.8648839140814  0.5019717569738  0.000109350253087 
392444.2635585  392444.2635585              0  0.8658032919196  0.5003843400955  0.0001119568604303 
388908.7296526  388908.7296526              0  0.8667412272709  0.4987579272041  0.0001142410852752 
385373.1957467  385373.1957467              0  0.8676799859313  0.4971229876958  0.0001133515409239 
381837.6618407  381837.6618407              0  0.8686059087661  0.4955033813009  0.0001125978884245 
378302.1279348  378302.1279348              0  0.8695717008655  0.4938065207583  0.0001173267531511 
374766.5940289  374766.5940289              0  0.8705322319468  0.4921112226068  0.0001180354163349 
371231.0601229  371231.0601229              0  0.8715004831927  0.4903944631576  0.0001193972537867 
367695.526217  367695.526217              0  0.8724778443684  0.4886534889664  0.0001198920927933 
364159.9923111  364159.9923111              0  0.8734582230015  0.4868989153996  0.0001165853392564 
360624.4584051  360624.4584051              0  0.874452102645  0.4851116806209  0.0001128713313137 
357088.9244992  357088.9244992              0  0.8754752606588  0.4832627493783  0.0001240819654707 
353553.3905933  353553.3905933              0  0.8764863618235  0.481426500437  0.0001222763850504 
350017.8566873  350017.8566873              0  0.8775145886785  0.4795497509187  0.0001242642404858 
346482.3227814  346482.3227814              0  0.8785484218876  0.4776531034089  0.0001235216018685 
342946.7888755  342946.7888755              0  0.8795934622762  0.4757259267516  0.0001235768123828 
339411.2549695  339411.2549695              0  0.8806626997906  0.4737436236898  0.0001295858701571 
335875.7210636  335875.7210636              0  0.8817153269424  0.4717816201666  0.0001242438999619 
332340.1871577  332340.1871577              0  0.8828173942289  0.4697161489327  0.0001265828022414 
328804.6532517  328804.6532517              0  0.8838760795095  0.4677209537721  0.000124478185659 
325269.1193458  325269.1193458              0  0.8849968150247  0.4655968723817  0.000131351624369 
321733.5854399  321733.5854399              0  0.8861087491846  0.4634771752309  0.0001270711166934 
318198.0515339  318198.0515339              0  0.8872248638667  0.4613370215163  0.0001286651137179 
314662.517628  314662.517628              0  0.888351139476  0.4591645194797  0.0001305883350705 
311126.9837221  311126.9837221              0  0.889464977556  0.4570031295057  0.0001350109915117 
307591.4498161  307591.4498161              0  0.8906265278521  0.4547352960278  0.000139869807226 
304055.9159102  304055.9159102              0  0.8917863363177  0.4524565512746  0.0001399609910793 
300520.3820043  300520.3820043              0  0.892952194974  0.450151281186  0.0001420269522454 
296984.8480983  296984.8480983              0  0.8941216195302  0.4478239943828  0.0001429164320999 
293449.3141924  293449.3141924              0  0.8953210076046  0.4454212509217  0.0001451198226762 
289913.7802865  289913.7802865              0  0.8965356767335  0.4429713079062  0.000133450544956 
286378.2463806  286378.2463806              0  0.8977376870295  0.4405301872304  0.0001436324420712 
282842.7124746  282842.7124746              0  0.8989484184403  0.4380542610639  0.0001492949026013 
279307.1785687  279307.1785687              0  0.9001795817448  0.435518672878  0.0001512268951276 
275771.6446628  275771.6446628              0  0.9014405750363  0.4329026289683  0.000139624042444 
272236.1107568  272236.1107568              0  0.9026717828278  0.4303294650633  0.0001526612052766 
268700.5768509  268700.5768509              0  0.9039477346574  0.4276427111932  0.0001524428312621 
265165.042945  265165.042945              0  0.9052216173418  0.4249395482747  0.0001530997805266 
261629.509039  261629.509039              0  0.9065023912369  0.4222004297049  0.0001564277139809 
258093.9751331  258093.9751331              0  0.9077855669626  0.4194343307899  0.0001593745751073 
254558.4412272  254558.4412272              0  0.9090928906941  0.4165932151311  0.0001620296119815 
251022.9073212  251022.9073212              0  0.9104287612703  0.4136656389016  0.0001524809809491 
247487.3734153  247487.3734153              0  0.9117355234097  0.4107774569877  0.0001641720456857 
243951.8395094  243951.8395094              0  0.9130925854794  0.407752031057  0.0001531582525063 
240416.3056034  240416.3056034              0  0.91442229367  0.404761232827  0.0001672494995642 
236880.7716975  236880.7716975              0  0.9157920566779  0.4016524596021  0.0001610151184131 
233345.2377916  233345.2377916              0  0.9171573532101  0.3985249938915  0.000163215513483 
229809.7038856  229809.7038856              0  0.9185327647254  0.3953445864888  0.0001662040976044 
226274.1699797  226274.1699797              0  0.9198957552395  0.3921627025483  0.0001731752552103 
222738.6360738  222738.6360738              0  0.921317124462  0.3888116962026  0.0001678596004576 
219203.1021678  219203.1021678              0  0.9227270612543  0.3854536988301  0.0001598022588507 
215667.5682619  215667.5682619              0  0.9241241510418  0.3820920485845  0.0001797541680025 
212132.034356  212132.034356              0  0.9255594681611  0.378601965911  0.000173260312869 
 208596.50045   208596.50045              0  0.926989212563  0.3750876911498  0.000177747460391 
205060.9665441  205060.9665441              0  0.928428035734  0.3715119857508  0.0001814769070064 
201525.4326382  201525.4326382              0  0.9298675057058  0.3678942746643  0.0001873311857109 
197989.8987322  197989.8987322              0  0.9313364999336  0.364159441709  0.0001838016382914 
194454.3648263  194454.3648263              0  0.9327889514817  0.3604227254942  0.000193387080736 
190918.8309204  190918.8309204              0  0.9342633594386  0.356583430826  0.0001964814404004 
187383.2970144  187383.2970144              0  0.9357451356186  0.3526766317514  0.0001979585457981 
183847.7631085  183847.7631085              0  0.9372407566155  0.3486825711319  0.0001939427265792 
180312.2292026  180312.2292026              0  0.9387432173099  0.3446170998732  0.0001814875755337 
176776.6952966  176776.6952966              0  0.9402332460364  0.3405307731851  0.0001975146244866 
173241.1613907  173241.1613907              0  0.9417406558673  0.3363395645362  0.000197037924642 
169705.6274848  169705.6274848              0  0.9432630418005  0.3320460944932  0.0001717200455523 
166170.0935788  166170.0935788              0  0.9447539532937  0.3277800046214  0.0002098952799327 
162634.5596729  162634.5596729              0  0.9462806766497  0.3233460157934  0.0002078319857611 
159099.025767  159099.025767              0  0.947811504796  0.318830861533  0.0001994929829981 
155563.491861  155563.491861              0  0.9493438199019  0.3142389003015  0.0001829376901191 
152027.9579551  152027.9579551              0  0.9508610584004  0.3096175256987  0.0002097396064466 
148492.4240492  148492.4240492              0  0.9523998571698  0.3048512462306  0.0001919471906288 
144956.8901432  144956.8901432              0  0.9539139008379  0.3000800390752  0.0002227978567086 
141421.3562373  141421.3562373              0  0.9554463702455  0.2951643387077  0.0002249426061145 
137885.8223314  137885.8223314              0  0.9569927725847  0.2901113604326  0.0001938061351106 
134350.2884254  134350.2884254              0  0.9585203741581  0.2850236101914  0.0001989834187806 
130814.7545195  130814.7545195              0  0.960041334079  0.2798578079962  0.0002169979101776 
127279.2206136  127279.2206136              0  0.9615706388651  0.2745572402377  0.0002022856143591 
123743.6867076  123743.6867076              0  0.9630928848454  0.2691688466542  0.0001871937584129 
120208.1528017  120208.1528017              0  0.9646012222485  0.263712440513  0.0002133838379947 
116672.6188958  116672.6188958              0  0.9661141951529  0.2581145780408  0.0001884448695406 
113137.0849898  113137.0849898              0  0.9676092092567  0.2524523438634  0.0002147820446435 
109601.5510839  109601.5510839              0  0.9691024730702  0.2466579836727  0.0002080950149181 
106066.017178  106066.017178              0  0.9705738627651  0.2408030812093  0.0002420041996016 
102530.483272  102530.483272              0  0.9720546986337  0.2347539785927  0.0002023610103576 
98994.94936612  98994.94936612              0  0.9735136259405  0.2286285212161  0.0001781081583837 
95459.41546018  95459.41546018              0  0.9749493167199  0.2224266034546  0.0002286786783934 
91923.88155425  91923.88155425              0  0.9763818077634  0.2160517157533  0.0001880836865553 
88388.34764832  88388.34764832              0  0.9777772662206  0.2096458158526  0.0002582025925963 
84852.81374239  84852.81374239              0  0.9791793084904  0.202996692654  0.0001999468810482 
81317.27983645  81317.27983645              0  0.980547843006  0.1962796593756  0.0001907376901471 
77781.74593052  77781.74593052              0  0.9818890106851  0.1894564422676  0.000230295597373 
74246.21202459  74246.21202459              0  0.9832075231334  0.1824903708081  0.0002414551905255 
70710.67811865  70710.67811865              0  0.9844967294171  0.1754022543914  0.0002608117066894 
67175.14421272  67175.14421272              0  0.9857654812023  0.1681255122359  0.0002223618065378 
63639.61030679  63639.61030679              0  0.98699564259  0.160746327611  0.0002297619832962 
60104.07640086  60104.07640086              0  0.9881860153572  0.1532584741213  0.0002719676578089 
56568.54249492  56568.54249492              0  0.9893483333962  0.1455665836627  0.0002553467473448 
53033.00858899  53033.00858899              0  0.9904714995643  0.1377171153954  0.0001965732961446 
49497.47468306  49497.47468306              0  0.9915426314943  0.1297804708643  0.0002641107706842 
45961.94077712  45961.94077712              0  0.9925770725425  0.1216164082089  0.0002012914576597 
42426.40687119  42426.40687119              0  0.993556328595  0.1133384639071  0.0002333027839239 
38890.87296526  38890.87296526              0  0.994483768263  0.1048895442554  0.0002447806408104 
35355.33905933  35355.33905933              0  0.9953541016575  0.09628076238961  0.0002661541820888 
31819.80515339  31819.80515339              0  0.9961654628269  0.08748798408093  0.0002696370732637 
28284.27124746  28284.27124746              0  0.9969108649179  0.07853971670211  0.000295860573287 
24748.73734153  24748.73734153              0  0.997592570098  0.06934596116075  0.0002398711653743 
21213.2034356  21213.2034356              0  0.9981953193266  0.06004890276137  0.000299618995416 
17677.66952966  17677.66952966              0  0.9987229103293  0.05052039981345  0.0003049350760628 
14142.13562373  14142.13562373              0  0.9991674493021  0.040794248937  0.0003072249317094 
10606.6017178  10606.6017178              0  0.9995244311471  0.0308334882003  0.0002665928683958 
7071.067811865  7071.067811865              0  0.9997854650477  0.02070762084539  0.0002845430879625 
3535.533905932  3535.533905932              0  0.9999464004111  0.01034369924547  0.0002630800875234 
-6.280369834735e-10  -6.280369834735e-10              0  0.9999998640502  -0.0001917203538206  0.0003191638472101 
-3535.533905933  -3535.533905933              0  0.9999390667485  -0.01103030473103  0.0002652355438333 
-7071.067811866  -7071.067811866              0  0.9997566546122  -0.02205498027901  0.000288295078842 
-10606.6017178  -10606.6017178              0  0.9994437805088  -0.03334573934696  0.0002692470588853 
-14142.13562373  -14142.13562373              0  0.9989924191018  -0.04487714237033  0.0002716048284335 
-17677.66952966  -17677.66952966              0  0.9983932793265  -0.05666267716707  0.0002932898044094 
-21213.2034356  -21213.2034356              0  0.9976351431256  -0.06873081007244  0.000292143426216 
-24748.73734153  -24748.73734153              0  0.9967085753367  -0.08106668411407  0.0003181581152372 
-28284.27124746  -28284.27124746              0  0.9956007195632  -0.09369623985489  0.0003408456040349 
-31819.8051534  -31819.8051534              0  0.9942920848463  -0.1066914681076  0.0002432840011009 
-35355.33905933  -35355.33905933              0  0.9927803513228  -0.1199457409603  0.0003062466331379 
-38890.87296526  -38890.87296526              0  0.9910391670485  -0.1335709308261  0.0002725716673368 
-42426.40687119  -42426.40687119              0  0.9890579827852  -0.1475266613215  0.000303438847791 
-45961.94077713  -45961.94077713              0  0.9868100350403  -0.1618821080427  0.0002139882275937 
-49497.47468306  -49497.47468306              0  0.9842796968273  -0.1766164013849  0.0002113907089624 
-53033.00858899  -53033.00858899              0  0.9814396787961  -0.1917706842893  0.0002647755937844 
-56568.54249492  -56568.54249492              0  0.9782617935874  -0.2073733697155  0.0002645853852646 
-60104.07640086  -60104.07640086              0  0.9747136441503  -0.2234573179727  0.0002619610722039 
-63639.61030679  -63639.61030679              0  0.9707595531957  -0.2400536821039  0.0002243506028137 
-67175.14421272  -67175.14421272              0  0.9663584349306  -0.2571987846188  0.0003005478534097 
-70710.67811866  -70710.67811866              0  0.9614535077223  -0.2749672743744  0.0002585910222757 
-74246.21202459  -74246.21202459              0  0.955993758774  -0.2933867947968  0.0001909788041981 
-77781.74593052  -77781.74593052              0  0.9499052699896  -0.3125378175569  0.0001627937478574 
-81317.27983645  -81317.27983645              0  0.9430898868123  -0.3325377331359  0.0002380570156984 
-84852.81374239  -84852.81374239              0  0.9354566927914  -0.3534410752033  0.000326634196704 
-88388.34764832  -88388.34764832              0  0.9268465039821  -0.3754403478538  0.0002450137308647 
-91923.88155425  -91923.88155425              0  0.9170905053522  -0.3986789577106  0.0002711275337879 
-95459.41546018  -95459.41546018              0  0.9059353350896  -0.4234159227552  0.0002877538640819 
-98994.94936612  -98994.94936612              0  0.8930209193733  -0.4500150326132  0.000268134526641 
-102530.483272  -102530.483272              0  0.8778134895376  -0.4790025073761  0.000252530280953 
-106066.017178  -106066.017178              0  0.8594580692694  -0.5112059905716  0.0004185426719701 
-109601.5510839  -109601.5510839              0  0.8361975820375  -0.5484280903435  0.0004303022171899 
-113137.0849898  -113137.0849898              0  0.803912198552  -0.5947477793329  0.0004512828347253 
-116672.6188958  -116672.6188958              0  0.7380223323341  -0.6747762137649  -0.0001788488014724 
-120208.1528017  -120208.1528017              0  -0.9645627232026  -0.2638533557225  -0.0001081373704196 
-123743.6867076  -123743.6867076              0  -0.9630728277406  -0.2692405933391  -0.0002085325796117 
-127279.2206136  -127279.2206136              0  -0.9615583918903  -0.2746001119683  -0.0002217479834251 
-130814.7545195  -130814.7545195              0  -0.9600382886875  -0.2798682464247  -0.0002263195650825 
-134350.2884254  -134350.2884254              0  -0.9585003033568  -0.2850911125244  -0.00018944713089 
-137885.8223314  -137885.8223314              0  -0.9569851065881  -0.2901366212451  -0.0002225396571792 
-141421.3562373  -141421.3562373              0  -0.9554399898859  -0.2951850260732  -0.0001782069016449 
-144956.8901432  -144956.8901432              0  -0.9539202329776  -0.3000599112597  -0.0002108070154828 
-148492.4240492  -148492.4240492              0  -0.9523972491472  -0.3048593649742  -0.000220525184284 
-152027.9579551  -152027.9579551              0  -0.9508575958668  -0.3096281574954  -0.0002020351921268 
-155563.491861  -155563.491861              0  -0.9493368834515  -0.3142598278776  -0.0002113909109115 
-159099.025767  -159099.025767              0  -0.9478012914306  -0.318861231943  -0.0001903770168739 
-162634.5596729  -162634.5596729              0  -0.9462937429531  -0.3233077743246  -0.0002113673257824 
-166170.0935788  -166170.0935788              0  -0.944761330774  -0.3277587387263  -0.0001901472662817 
-169705.6274848  -169705.6274848              0  -0.9432532506903  -0.3320738971156  -0.0001994202980745 
-173241.1613907  -173241.1613907              0  -0.9417308185817  -0.3363671192567  -0.0001683225302119 
-176776.6952966  -176776.6952966              0  -0.9402481691939  -0.3404895640021  -0.0002037316904833 
-180312.2292026  -180312.2292026              0  -0.9387422140027  -0.3446198258713  -0.000198045594292 
-183847.7631085  -183847.7631085              0  -0.9372451602077  -0.348670723181  -0.0001911071486496 
-187383.2970144  -187383.2970144              0  -0.9357553726135  -0.3526494838585  -0.0001842419127792 
-190918.8309204  -190918.8309204              0  -0.9342885802094  -0.3565173498641  -0.0001949268678657 
-194454.3648263  -194454.3648263              0  -0.9328200536963  -0.3603422228347  -0.0001944653060054 
-197989.8987322  -197989.8987322              0  -0.9313557512917  -0.3641102001643  -0.0001918457776195 
-201525.4326382  -201525.4326382              0  -0.9298946152919  -0.3678257456517  -0.0001891473334943 
-205060.9665441  -205060.9665441              0  -0.9284442574849  -0.3714714416419  -0.0001874903124253 
-208596.50045  -208596.50045              0  -0.926989854136  -0.375086111288  -0.0001736320333345 
-212132.034356  -212132.034356              0  -0.9255802827976  -0.3785510780912  -0.0001833918405791 
-215667.5682619  -215667.5682619              0  -0.9241414798098  -0.3820501337179  -0.0001773607728693 
-219203.1021678  -219203.1021678              0  -0.9227395065107  -0.3854239014379  -0.0001803092336631 
-222738.6360738  -222738.6360738              0  -0.9213360131886  -0.3887669376877  -0.0001773927858777 
-226274.1699797  -226274.1699797              0  -0.9199170982266  -0.3921126242505  -0.0001619715648923 
-229809.7038856  -229809.7038856              0  -0.9185386768435  -0.3953308543291  -0.0001687764319595 
-233345.2377916  -233345.2377916              0  -0.917161443239  -0.398515587129  -0.0001666466180631 
-236880.7716975  -236880.7716975              0  -0.9157926466614  -0.4016511129757  -0.0001627817028056 
-240416.3056034  -240416.3056034              0  -0.9144362273719  -0.404729754132  -0.0001610550508383 
-243951.8395094  -243951.8395094              0  -0.9130819783404  -0.4077757837093  -0.0001468665432487 
-247487.3734153  -247487.3734153              0  -0.9117644577152  -0.4107132368359  -0.0001643443089512 
-251022.9073212  -251022.9073212              0  -0.9104443734306  -0.4136312704989  -0.0001646349076311 
-254558.4412272  -254558.4412272              0  -0.9091303002292  -0.4165115633401  -0.0001630292407708 
-258093.9751331  -258093.9751331              0  -0.9078222478444  -0.4193549253375  -0.0001615994034434 
-261629.509039  -261629.509039              0  -0.906522599342  -0.4221570361412  -0.0001593903556377 
-265165.042945  -265165.042945              0  -0.9052379228593  -0.4249048060887  -0.0001575769031126 
-268700.5768509  -268700.5768509              0  -0.9039707639581  -0.4275940245346  -0.0001562547748461 
-272236.1107568  -272236.1107568              0  -0.9026915200356  -0.4302880559577  -0.0001492666087924 
-275771.6446628  -275771.6446628              0  -0.9014467534931  -0.4328897599722  -0.0001521414701255 
-279307.1785687  -279307.1785687              0  -0.9001987443062  -0.4354790674626  -0.0001478224540159 
-282842.7124746  -282842.7124746              0  -0.8989631746346  -0.438023980423  -0.0001425629454603 
-286378.2463806  -286378.2463806              0  -0.8977451251694  -0.4405150286825  -0.0001438330521854 
-289913.7802865  -289913.7802865              0  -0.8965292284927  -0.4429843613645  -0.000136904944667 
-293449.3141924  -293449.3141924              0  -0.8953497555778  -0.4453634614016  -0.0001451997555778 
-296984.8480984  -296984.8480984              0  -0.8941377146835  -0.4477918576645  -0.0001315897089776 
-300520.3820043  -300520.3820043              0  -0.892986080764  -0.4500840634293  -0.0001399750988689 
-304055.9159102  -304055.9159102              0  -0.891814489777  -0.4524010626683  -0.0001415138843116 
-307591.4498161  -307591.4498161              0  -0.8906570025342  -0.4546756061474  -0.0001401639911453 
-311126.9837221  -311126.9837221              0  -0.8895020708752  -0.4569309231683  -0.0001397070648182 
-314662.517628  -314662.517628              0  -0.8883638514475  -0.4591399244158  -0.0001380378168612 
-318198.0515339  -318198.0515339              0  -0.887230806295  -0.4613255941785  -0.000134700634212 
-321733.5854399  -321733.5854399              0  -0.88611889908  -0.4634577723703  -0.0001350085111978 
-325269.1193458  -325269.1193458              0  -0.8850063179673  -0.465578805335  -0.0001321146023817 
-328804.6532517  -328804.6532517              0  -0.8839288872066  -0.4676211445886  -0.0001291935202074 
-332340.1871577  -332340.1871577              0  -0.8828399850832  -0.4696736895278  -0.0001305526003377 
-335875.7210636  -335875.7210636              0  -0.8817429808818  -0.4717299288106  -0.0001257861951002 
-339411.2549695  -339411.2549695              0  -0.8807080338526  -0.4736593479895  -0.0001170754273932 
-342946.7888755  -342946.7888755              0  -0.8796415664191  -0.4756369739037  -0.0001262967760765 
-346482.3227814  -346482.3227814              0  -0.8785896064018  -0.477577342904  -0.0001269942927647 
-350017.8566873  -350017.8566873              0  -0.8775553326464  -0.4794751872472  -0.000124414592741 
-353553.3905933  -353553.3905933              0  -0.8765195698209  -0.4813660366836  -0.0001256969880783 
-357088.9244992  -357088.9244992              0  -0.8754940840372  -0.4832286471796  -0.0001216221666836 
-360624.4584051  -360624.4584051              0  -0.8744981802779  -0.4850286094816  -0.0001220353887736 
-364159.9923111  -364159.9923111              0  -0.8734991803837  -0.4868254308702  -0.000121819601688 
-367695.526217  -367695.526217              0  -0.8724954960096  -0.4886219703856  -0.0001174505203293 
-371231.0601229  -371231.0601229              0  -0.8715347805234  -0.4903335082405  -0.0001165515715289 
-374766.5940289  -374766.5940289              0  -0.8705489375036  -0.492081669392  -0.0001182103222627 
-378302.1279348  -378302.1279348              0  -0.8695862713409  -0.4937808598758  -0.0001166949034369 
-381837.6618407  -381837.6618407              0  -0.8686522041861  -0.4954222185194  -0.0001110929890796 
-385373.1957467  -385373.1957467              0  -0.8676883922098  -0.4971083170788  -0.0001147161618527 
-388908.7296526  -388908.7296526              0  -0.8667507102725  -0.4987414439846  -0.0001114030736427 
-392444.2635585  -392444.2635585              0  -0.865833425238  -0.5003321953839  -0.0001138436896929 
-395979.7974645  -395979.7974645              0  -0.8649310708772  -0.5018904988426  -0.0001054573925529 
-399515.3313704  -399515.3313704              0  -0.864005645548  -0.5034819482326  -0.0001129462215598 
-403050.8652763  -403050.8652763              0  -0.8631190241374  -0.5050003773541  -0.0001061574121226 
-406586.3991823  -406586.3991823              0  -0.8622188124272  -0.5065358329289  -0.0001104962858762 
-410121.9330882  -410121.9330882              0  -0.861347760761  -0.5080156187967  -0.0001001428481325 
-413657.4669941  -413657.4669941              0  -0.8604503318437  -0.5095341573731  -0.000107911855664 
-417193.0009001  -417193.0009001              0  -0.8596051789531  -0.5109586790578  -9.78878203376e-05 
-420728.534806  -420728.534806              0  -0.8587241024913  -0.5124380421797  -0.0001060641852511 
-424264.0687119  -424264.0687119              0  -0.8579018561592  -0.5138134335472  -8.557243571216e-05 
-427799.6026179  -427799.6026179              0  -0.8570411152803  -0.5152478635203  -0.0001057549739373 
-431335.1365238  -431335.1365238              0  -0.8562191945081  -0.5166125530356  -9.320654467393e-05 
-434870.6704297  -434870.6704297              0  -0.8553901889887  -0.5179840381184  -9.565247053018e-05 
-438406.2043357  -438406.2043357              0  -0.8545656110582  -0.5193432919034  -9.963421127262e-05 
-441941.7382416  -441941.7382416              0  -0.8537601844925  -0.5206662930839  -9.185367592236e-05 
-445477.2721475  -445477.2721475              0  -0.8529444484734  -0.5220015392073  -0.0001016935110224 
-449012.8060535  -449012.8060535              0  -0.8521471686444  -0.5233020570346  -0.0001005183051434 
-452548.3399594  -452548.3399594              0  -0.8513706205507  -0.5245644953449  -8.774850689618e-05 
-456083.8738653  -456083.8738653              0  -0.8505717387612  -0.5258588766541  -9.991486695455e-05 
-459619.4077713  -459619.4077713              0  -0.8498169155066  -0.527077846328  -8.032655237282e-05 
-463154.9416772  -463154.9416772              0  -0.8490233731866  -0.5283551390576  -9.71276085822e-05 
-466690.4755831  -466690.4755831              0  -0.8482886966656  -0.5295338843091  -7.780455535403e-05 
-470226.0094891  -470226.0094891              0  -0.8475342403031  -0.5307405761817  -8.071099648611e-05 
-473761.543395  -473761.543395              0  -0.8467872899659  -0.5319315122727  -8.063644429992e-05 
-477297.0773009  -477297.0773009              0  -0.8460472010422  -0.533107852039  -8.084497823718e-05 
-480832.6112069  -480832.6112069              0  -0.8453078703527  -0.5342793763272  -8.905437773447e-05 
-484368.1451128  -484368.1451128              0  -0.8445801628658  -0.5354289836169  -8.944183541715e-05 
-487903.6790187  -487903.6790187              0  -0.843856889454  -0.5365681673539  -9.135118991259e-05 
-491439.2129247  -491439.2129247              0  -0.8431576466182  -0.5376662862328  -7.171673847142e-05 
-494974.7468306  -494974.7468306              0  -0.8424387399158  -0.5387919999278  -8.98587252869e-05 
-498510.2807365  -498510.2807365              0  -0.8417468878604  -0.5398722338963  -7.871875507566e-05 
-502045.8146424  -502045.8146424              0  -0.8410362190612  -0.5409786764521  -9.134806140174e-05 
-505581.3485484  -505581.3485484              0  -0.8403501320424  -0.5420438232661  -9.004078546839e-05 
-509116.8824543  -509116.8824543              0  -0.8396632670243  -0.5431072163445  -8.887878083983e-05 
-512652.4163602  -512652.4163602              0  -0.8389883723432  -0.5441492095335  -8.824010843988e-05 
-516187.9502662  -516187.9502662              0  -0.8383411797134  -0.5451457808696  -7.214952544117e-05 
-519723.4841721  -519723.4841721              0  -0.8376767893308  -0.5461661401667  -7.486909179921e-05 
-523259.018078  -523259.018078              0  -0.8370195148909  -0.5471729055983  -7.476224469462e-05 
-526794.551984  -526794.551984              0  -0.8363664309832  -0.5481706394592  -7.694717260172e-05 
-530330.0858899  -530330.0858899              0  -0.83572365499  -0.5491500984738  -7.125989947622e-05 
-533865.6197958  -533865.6197958              0  -0.8350778844117  -0.5501316063054  -7.944550525528e-05 
-537401.1537018  -537401.1537018              0  -0.8344412289786  -0.5510968089965  -8.097594021786e-05 
-540936.6876077  -540936.6876077              0  -0.8338136344402  -0.5520459055255  -7.952510745147e-05 
-544472.2215136  -544472.2215136              0  -0.8331873965995  -0.552990615345  -8.160211365017e-05 
-548007.7554196  -548007.7554196              0  -0.8325661279345  -0.5539255378094  -8.292464302401e-05 
-551543.2893255  -551543.2893255              0  -0.831954700786  -0.5548434331561  -8.234755144584e-05 
-555078.8232314  -555078.8232314              0  -0.8313466334082  -0.5557541140425  -8.210041025874e-05 
-558614.3571374  -558614.3571374              0  -0.830742870028  -0.5566562172302  -8.168842298437e-05 
-562149.8910433  -562149.8910433              0  -0.8301498581703  -0.5575401995892  -8.049288497804e-05 
-565685.4249492  -565685.4249492              0  -0.8295740825336  -0.5583965496897  -6.051138090356e-05 
-569220.9588552  -569220.9588552              0  -0.8289694752015  -0.5592937255635  -8.090724348628e-05 
-572756.4927611  -572756.4927611              0  -0.8283920384096  -0.560148635332  -7.919461634132e-05 
-576292.026667  -576292.026667              0  -0.8278158683585  -0.5609997786129  -7.891946775695e-05 
-579827.560573  -579827.560573              0  -0.8272584068726  -0.5618214972074  -6.249035758798e-05 
-583363.0944789  -583363.0944789              0  -0.826692761728  -0.5626534857487  -6.189401150958e-05 
-586898.6283848  -586898.6283848              0  -0.8261321285204  -0.5634763296322  -5.975275586431e-05 
-590434.1622908  -590434.1622908              0  -0.8255769220021  -0.5642894781681  -5.466607970274e-05 
-593969.6961967  -593969.6961967              0  -0.8250247439736  -0.5650964886891  -5.547360197966e-05 
-597505.2301026  -597505.2301026              0  -0.8244748446496  -0.5658984888835  -6.227534639648e-05 
-601040.7640086  -601040.7640086              0  -0.8239297562181  -0.5666918260592  -6.733461820089e-05 
-604576.2979145  -604576.2979145              0  -0.8233983728978  -0.5674636469977  -4.935965679494e-05 
-608111.8318204  -608111.8318204              0  -0.8228576473903  -0.5682474474991  -6.800950267665e-05 
-611647.3657264  -611647.3657264              0  -0.8223292259343  -0.5690118758187  -6.607212252037e-05 
-615182.8996323  -615182.8996323              0  -0.8218078061188  -0.5697646897178  -5.994088854054e-05 
-618718.4335382  -618718.4335382              0  -0.8212844967036  -0.5705187522648  -6.613630039799e-05 
-622253.9674442  -622253.9674442              0  -0.8207706332767  -0.5712577699958  -6.200266917545e-05 
-625789.5013501  -625789.5013501              0  -0.820249371051  -0.5720059796494  -7.204800157737e-05 
-629325.035256  -629325.035256              0  -0.8197450963708  -0.5727284253197  -6.960854149768e-05 
-632860.569162  -632860.569162              0  -0.8192419311557  -0.5734479321856  -6.936337024164e-05 
-636396.1030679  -636396.1030679              0  -0.8187419962815  -0.5741614900248  -6.959354430841e-05 
-639931.6369738  -639931.6369738              0  -0.8182461687581  -0.574867881185  -6.968361241279e-05 
-643467.1708798  -643467.1708798              0  -0.8177535743908  -0.5755683846224  -7.031043152626e-05 
-647002.7047857  -647002.7047857              0  -0.8172784084394  -0.5762428998604  -5.356839263353e-05 
-650538.2386916  -650538.2386916              0  -0.8167843819185  -0.5769429332915  -6.954822288318e-05 
-654073.7725976  -654073.7725976              0  -0.8163154989975  -0.5776061659041  -5.596960041417e-05 
-657609.3065035  -657609.3065035              0  -0.8158315426931  -0.5782895209595  -6.798783801651e-05 
-661144.8404094  -661144.8404094              0  -0.8153716247831  -0.5789378144005  -4.578097423011e-05 
-664680.3743154  -664680.3743154              0  -0.8148906713357  -0.5796145879008  -6.829760703698e-05 
-668215.9082213  -668215.9082213              0  -0.814433458443  -0.5802568569683  -6.163732863827e-05 
-671751.4421272  -671751.4421272              0  -0.8139663650639  -0.5809118988786  -6.774451378849e-05 
-675286.9760332  -675286.9760332              0  -0.8135194704695  -0.5815375749558  -5.695796824758e-05 
-678822.5099391  -678822.5099391              0  -0.8130700206167  -0.5821658031795  -4.793909244498e-05 
-682358.043845  -682358.043845              0  -0.8126200556431  -0.5827937255655  -4.985737790518e-05 
-685893.577751  -685893.577751              0  -0.8121735901766  -0.5834157528375  -5.215513474038e-05 
-689429.1116569  -689429.1116569              0  -0.8117311658724  -0.584031160199  -5.241018466187e-05 
-692964.6455628  -692964.6455628              0  -0.8112929232864  -0.5846397821964  -5.058559277135e-05 
-696500.1794687  -696500.1794687              0  -0.8108576416717  -0.5852433408007  -4.890675354252e-05 
-700035.7133747  -700035.7133747              0  -0.8104274074615  -0.5858389719541  -4.182125257947e-05 
-703571.2472806  -703571.2472806              0  -0.8099862595995  -0.5864487543449  -6.427630680344e-05 
-707106.7811865  -707106.7811865              0  -0.8095712580173  -0.5870215178178  -4.923902506264e-05 
-703571.2472806  -703571.2472806              0  -0.8099671990507  -0.586475081904  -3.24759111163e-05 
-700035.7133747  -700035.7133747              0  -0.8103900516735  -0.5858906455728  -3.651394461986e-05 
-696500.1794687  -696500.1794687              0  -0.8108174460172  -0.585299028337  -4.516070571571e-05 
-692964.6455628  -692964.6455628              0  -0.8112520576108  -0.5846964868509  -4.702917892549e-05 
-689429.1116569  -689429.1116569              0  -0.8116909002946  -0.5840871210652  -4.664253486105e-05 
-685893.577751  -685893.577751              0  -0.8121336119507  -0.5834714032335  -4.440029544442e-05 
-682358.043845  -682358.043845              0  -0.8125900194202  -0.5828356054646  -3.059633599987e-05 
-678822.5099391  -678822.5099391              0  -0.8130308875252  -0.5822204549292  -3.948753633734e-05 
-675286.9760332  -675286.9760332              0  -0.813480411206  -0.5815922122146  -4.633798182534e-05 
-671751.4421272  -671751.4421272              0  -0.8139343605955  -0.5809567416679  -5.670567474193e-05 
-668215.9082213  -668215.9082213              0  -0.8144031340938  -0.5802994192451  -3.432486865543e-05 
-664680.3743154  -664680.3743154              0  -0.8148574205107  -0.5796613339353  -6.030120098844e-05 
-661144.8404094  -661144.8404094              0  -0.8153254147035  -0.5790028899932  -5.710378986692e-05 
-657609.3065035  -657609.3065035              0  -0.8158019549104  -0.5783312627602  -3.936403653373e-05 
-654073.7725976  -654073.7725976              0  -0.8162849550679  -0.5776493324785  -3.113543235993e-05 
-650538.2386916  -650538.2386916              0  -0.8167536882922  -0.5769863865562  -4.442759616092e-05 
-647002.7047857  -647002.7047857              0  -0.8172417414539  -0.5762949021501  -3.496314029881e-05 
-643467.1708798  -643467.1708798              0  -0.817728875142  -0.575603478463  -3.465464665481e-05 
-639931.6369738  -639931.6369738              0  -0.8182202606537  -0.5749047593237  -3.406668527691e-05 
-636396.1030679  -636396.1030679              0  -0.8187193797505  -0.5741937426641  -3.16338045265e-05 
-632860.569162  -632860.569162              0  -0.8192169102374  -0.5734836792982  -3.222040483247e-05 
-629325.035256  -629325.035256              0  -0.8197181005476  -0.5727670656989  -3.346752694927e-05 
-625789.5013501  -625789.5013501              0  -0.8202236451702  -0.5720428718805  -3.4738700861e-05 
-622253.9674442  -622253.9674442              0  -0.8207448530009  -0.5712948111488  -3.066373046434e-05 
-618718.4335382  -618718.4335382              0  -0.8212461216006  -0.5705739931902  -4.15604118014e-05 
-615182.8996323  -615182.8996323              0  -0.8217652170009  -0.5698261152222  -4.21289194804e-05 
-611647.3657264  -611647.3657264              0  -0.8222885317262  -0.5690706839884  -4.412775873221e-05 
-608111.8318204  -608111.8318204              0  -0.8228163450691  -0.5683072535056  -4.621592845977e-05 
-604576.2979145  -604576.2979145              0  -0.8233527463387  -0.5675298473853  -4.034466002987e-05 
-601040.7640086  -601040.7640086              0  -0.823889613678  -0.5667501887942  -4.23495531672e-05 
-597505.2301026  -597505.2301026              0  -0.824433184884  -0.5659591816867  -3.954005062878e-05 
-593969.6961967  -593969.6961967              0  -0.8249797216322  -0.5651622156942  -4.011486731749e-05 
-590434.1622908  -590434.1622908              0  -0.8255285283404  -0.5643602743411  -4.546391032659e-05 
-586898.6283848  -586898.6283848              0  -0.8260845932326  -0.5635460179546  -4.556275532932e-05 
-583363.0944789  -583363.0944789              0  -0.8266449039134  -0.5627237968072  -4.767342237712e-05 
-579827.560573  -579827.560573              0  -0.8272203747132  -0.5618774965036  -3.379594339217e-05 
-576292.026667  -576292.026667              0  -0.8277816941606  -0.561050206705  -4.799385480924e-05 
-572756.4927611  -572756.4927611              0  -0.8283723537888  -0.5601777501527  -3.133735846369e-05 
-569220.9588552  -569220.9588552              0  -0.8289370702547  -0.5593417562771  -5.0967786098e-05 
-565685.4249492  -565685.4249492              0  -0.8295454275767  -0.5584391193252  -3.206605306141e-05 
-562149.8910433  -562149.8910433              0  -0.8301124185815  -0.5575959449321  -5.60715745436e-05 
-558614.3571374  -558614.3571374              0  -0.8307304445156  -0.5566747650706  -3.16329706241e-05 
-555078.8232314  -555078.8232314              0  -0.8313310587751  -0.5557774157327  -3.20253283083e-05 
-551543.2893255  -551543.2893255              0  -0.8319300380386  -0.5548804166925  -3.366079923857e-05 
-548007.7554196  -548007.7554196              0  -0.8325413286333  -0.5539628154728  -3.384682810986e-05 
-544472.2215136  -544472.2215136              0  -0.8331597384496  -0.5530322905149  -3.307921898763e-05 
-540936.6876077  -540936.6876077              0  -0.8337810562701  -0.5520951130507  -3.434216210669e-05 
-537401.1537018  -537401.1537018              0  -0.8344062019656  -0.5511498462308  -3.688501548269e-05 
-533865.6197958  -533865.6197958              0  -0.8350408919539  -0.5501877597477  -3.65660593064e-05 
-530330.0858899  -530330.0858899              0  -0.8356803579573  -0.5492159878243  -3.664532717818e-05 
-526794.551984  -526794.551984              0  -0.8363224605214  -0.5482377250679  -3.990004460826e-05 
-523259.018078  -523259.018078              0  -0.8369689286624  -0.5472502831782  -4.758748614768e-05 
-519723.4841721  -519723.4841721              0  -0.8376238681657  -0.5462473016268  -5.267646479251e-05 
-516187.9502662  -516187.9502662              0  -0.8383062321257  -0.5451995237872  -3.143021849887e-05 
-512652.4163602  -512652.4163602              0  -0.8389580823485  -0.544195915606  -4.772965807517e-05 
-509116.8824543  -509116.8824543              0  -0.8396355715113  -0.5431500393513  -4.242357419341e-05 
-505581.3485484  -505581.3485484              0  -0.840332828725  -0.5420706548398  -3.197054050644e-05 
-502045.8146424  -502045.8146424              0  -0.841014401532  -0.5410126003472  -3.338956707486e-05 
-498510.2807365  -498510.2807365              0  -0.8417104331358  -0.539929072687  -3.242599442603e-05 
-494974.7468306  -494974.7468306              0  -0.842410031804  -0.5388368904657  -3.222561187708e-05 
-491439.2129246  -491439.2129246              0  -0.8431102123589  -0.5377406675217  -3.593011617445e-05 
-487903.6790187  -487903.6790187              0  -0.8438215425206  -0.5366237599096  -3.675903526833e-05 
-484368.1451128  -484368.1451128              0  -0.8445432393307  -0.535487228334  -3.489586003034e-05 
-480832.6112069  -480832.6112069              0  -0.8452694585493  -0.5343401507317  -3.486393195406e-05 
-477297.0773009  -477297.0773009              0  -0.8459901104066  -0.5331984489178  -5.118510445111e-05 
-473761.543395  -473761.543395              0  -0.8467312635556  -0.5320206944988  -4.702005753681e-05 
-470226.0094891  -470226.0094891              0  -0.8474772484381  -0.530831578963  -4.803868716887e-05 
-466690.4755831  -466690.4755831              0  -0.8482303050961  -0.5296274169961  -4.844461976995e-05 
-463154.9416772  -463154.9416772              0  -0.8489887002071  -0.5284108602153  -5.223315906422e-05 
-459619.4077713  -459619.4077713              0  -0.8497825522278  -0.5271332496337  -3.316655859048e-05 
-456083.8738653  -456083.8738653              0  -0.850555523018  -0.5258851125013  -3.281329699789e-05 
-452548.3399594  -452548.3399594              0  -0.8513120762112  -0.5246595062603  -5.474443558724e-05 
-449012.8060535  -449012.8060535              0  -0.8521232528956  -0.5233410076131  -3.187988017986e-05 
-445477.2721475  -445477.2721475              0  -0.8529196521358  -0.5220420624903  -3.253001691328e-05 
-441941.7382416  -441941.7382416              0  -0.8537104129194  -0.5207479033681  -3.927130852529e-05 
-438406.2043357  -438406.2043357              0  -0.8545131654701  -0.5194295875104  -5.271727937459e-05 
-434870.6704297  -434870.6704297              0  -0.8553394611267  -0.5180678072311  -4.011040219318e-05 
-431335.1365238  -431335.1365238              0  -0.8561698430034  -0.5166943446509  -3.690690395854e-05 
-427799.6026179  -427799.6026179              0  -0.8570079393035  -0.5153030537111  -3.399113650301e-05 
-424264.0687119  -424264.0687119              0  -0.8578586237703  -0.513885615307  -3.231731156653e-05 
-420728.534806  -420728.534806              0  -0.8587014169238  -0.5124760682312  -3.468259810935e-05 
-417193.0009001  -417193.0009001              0  -0.8595625840118  -0.5110303391502  -3.299171174493e-05 
-413657.4669941  -413657.4669941              0  -0.860428221275  -0.5095715048147  -3.357613155268e-05 
-410121.9330882  -410121.9330882              0  -0.8612876637007  -0.5081175084218  -5.176011446711e-05 
-406586.3991823  -406586.3991823              0  -0.8622013163068  -0.5065656224599  -3.425781005601e-05 
-403050.8652763  -403050.8652763              0  -0.8630769920528  -0.505072219165  -3.500264303057e-05 
-399515.3313704  -399515.3313704              0  -0.8639782309788  -0.5035290027671  -3.329022841568e-05 
-395979.7974645  -395979.7974645              0  -0.8648796618165  -0.5019790934007  -3.914028908422e-05 
-392444.2635585  -392444.2635585              0  -0.8658094882536  -0.5003736287816  -3.134797331471e-05 
-388908.7296526  -388908.7296526              0  -0.8667181474551  -0.498798046153  -4.5459877991e-05 
-385373.1957467  -385373.1957467              0  -0.8676529279804  -0.4971702267739  -4.418686296783e-05 
-381837.6618407  -381837.6618407              0  -0.8685970908942  -0.4955188502448  -4.334497229064e-05 
-378302.1279348  -378302.1279348              0  -0.8695758651756  -0.4937992004201  -3.312510488135e-05 
-374766.5940289  -374766.5940289              0  -0.8705333866778  -0.4921091893921  -3.242977500103e-05 
-371231.0601229  -371231.0601229              0  -0.8714923767634  -0.4904088836112  -3.404609995761e-05 
-367695.526217  -367695.526217              0  -0.8724865122506  -0.4886380251817  -3.224537881769e-05 
-364159.9923111  -364159.9923111              0  -0.8734679324615  -0.4868815098364  -3.194231125621e-05 
-360624.4584051  -360624.4584051              0  -0.8744652997881  -0.4850879001553  -3.159395850346e-05 
-357088.9244992  -357088.9244992              0  -0.8754834602739  -0.4832479095575  -3.209621974283e-05 
-353553.3905933  -353553.3905933              0  -0.8765052688215  -0.481392089166  -3.478607929665e-05 
-350017.8566873  -350017.8566873              0  -0.8775056422771  -0.4795661366604  -4.137097494324e-05 
-346482.3227814  -346482.3227814              0  -0.8785665852816  -0.477619706788  -3.206349551415e-05 
-342946.7888755  -342946.7888755              0  -0.8795981103769  -0.4757173465432  -3.287165855944e-05 
-339411.2549695  -339411.2549695              0  -0.8806768337743  -0.4737173625935  -3.7874014083e-05 
-335875.7210636  -335875.7210636              0  -0.8817089272802  -0.4717935962601  -4.466499928104e-05 
-332340.1871577  -332340.1871577              0  -0.882809459113  -0.469731080365  -3.01978279867e-05 
-328804.6532517  -328804.6532517              0  -0.8838775425314  -0.467718203975  -3.667621126507e-05 
-325269.1193458  -325269.1193458              0  -0.8849932290329  -0.4656037054871  -3.04081288063e-05 
-321733.5854399  -321733.5854399              0  -0.8861003356017  -0.4634932796828  -3.123298070569e-05 
-318198.0515339  -318198.0515339              0  -0.8872169833854  -0.4613521966413  -3.131668543702e-05 
-314662.517628  -314662.517628              0  -0.8883418297799  -0.4591825540612  -3.021768161999e-05 
-311126.9837221  -311126.9837221              0  -0.8894753576562  -0.456982944971  -2.953874575838e-05 
-307591.4498161  -307591.4498161              0  -0.890626563053  -0.4547352464681  -2.926887877863e-05 
-304055.9159102  -304055.9159102              0  -0.8917692708757  -0.4524902117786  -3.325717501922e-05 
-300520.3820043  -300520.3820043              0  -0.8929407711044  -0.4501739684852  -2.979157631681e-05 
-296984.8480983  -296984.8480983              0  -0.8941470258278  -0.4477732830817  -4.207124615741e-05 
-293449.3141924  -293449.3141924              0  -0.8953128580033  -0.4454376580901  -2.974076854024e-05 
-289913.7802865  -289913.7802865              0  -0.8965134353856  -0.4430163402357  -2.788506604423e-05 
-286378.2463806  -286378.2463806              0  -0.8977178933338  -0.4405705458798  -2.977185376058e-05 
-282842.7124746  -282842.7124746              0  -0.8989397137342  -0.4380721503723  -2.881052116087e-05 
-279307.1785687  -279307.1785687              0  -0.9001874395336  -0.4355024572553  -2.85851086918e-05 
-275771.6446628  -275771.6446628              0  -0.9014295431298  -0.4329256270927  -2.907540930514e-05 
-272236.1107568  -272236.1107568              0  -0.9026912638894  -0.4302886228166  -3.695566598946e-05 
-268700.5768509  -268700.5768509              0  -0.9039577059781  -0.4276216541988  -4.234508898573e-05 
-265165.042945  -265165.042945              0  -0.9052068938225  -0.424970936551  -2.778166362732e-05 
-261629.509039  -261629.509039              0  -0.9064962980901  -0.4222135441916  -2.560296723418e-05 
-258093.9751331  -258093.9751331              0  -0.9077967104096  -0.4194102324943  -2.684263982126e-05 
-254558.4412272  -254558.4412272              0  -0.9090989779231  -0.4165799539703  -2.560446313451e-05 
-251022.9073212  -251022.9073212              0  -0.9104189801615  -0.4136871967225  -2.690940005501e-05 
-247487.3734153  -247487.3734153              0  -0.9117359120399  -0.4107766277417  -2.43525944055e-05 
-243951.8395094  -243951.8395094              0  -0.9130954368272  -0.4077456711128  -4.365080250531e-05 
-240416.3056034  -240416.3056034              0  -0.9144416256394  -0.4047175827581  -4.370529323042e-05 
-236880.7716975  -236880.7716975              0  -0.9157799568171  -0.4016800766775  -2.474758432228e-05 
-233345.2377916  -233345.2377916              0  -0.9171561899645  -0.3985277116496  -2.942809899141e-05 
-229809.7038856  -229809.7038856              0  -0.9185314021435  -0.395347791372  -2.855590911801e-05 
-226274.1699797  -226274.1699797              0  -0.9199161004139  -0.3921150099654  -2.702776190007e-05 
-222738.6360738  -222738.6360738              0  -0.921306588048  -0.3888367069586  -2.314998701418e-05 
-219203.1021678  -219203.1021678              0  -0.9227211056014  -0.3854679856719  -2.969373632823e-05 
-215667.5682619  -215667.5682619              0  -0.9241206580253  -0.38210053877  -2.088696711983e-05 
-212132.034356  -212132.034356              0  -0.9255362271228  -0.3786588239005  -2.072417066618e-05 
-208596.50045  -208596.50045              0  -0.9269977873924  -0.3750665408311  -4.053072882406e-05 
-205060.9665441  -205060.9665441              0  -0.9284282484339  -0.3715114992323  -2.493222763325e-05 
-201525.4326382  -201525.4326382              0  -0.9298814478591  -0.3678590811811  -2.792428976882e-05 
-197989.8987322  -197989.8987322              0  -0.9313369149831  -0.3641584296157  -2.539356721274e-05 
-194454.3648263  -194454.3648263              0  -0.9328079169515  -0.3603736828352  -3.294388961564e-05 
-190918.8309204  -190918.8309204              0  -0.9342642430719  -0.3565811743724  -1.753185940364e-05 
-187383.2970144  -187383.2970144              0  -0.9357540062242  -0.352653154987  -2.31011209015e-05 
-183847.7631085  -183847.7631085              0  -0.9372274815918  -0.3487183085819  -1.506396519144e-05 
-180312.2292026  -180312.2292026              0  -0.9387435842215  -0.3446161517663  -3.538484473605e-05 
-176776.6952966  -176776.6952966              0  -0.9402406456675  -0.3405103992808  -3.140043778252e-05 
-173241.1613907  -173241.1613907              0  -0.9417350829242  -0.3363552236671  -1.697752936297e-05 
-169705.6274848  -169705.6274848              0  -0.9432454035786  -0.3320962374007  -1.59480666796e-05 
-166170.0935788  -166170.0935788              0  -0.9447688589257  -0.3277371088393  -2.583839073061e-05 
-162634.5596729  -162634.5596729              0  -0.946290762591  -0.3233165474006  -3.174116088067e-05 
-159099.025767  -159099.025767              0  -0.9478008397069  -0.3188626290071  -1.367489635242e-05 
-155563.491861  -155563.491861              0  -0.9493462362146  -0.3142316390484  -5.457888431393e-05 
-152027.9579551  -152027.9579551              0  -0.9508585971199  -0.3096251429934  -1.671184847232e-05 
-148492.4240492  -148492.4240492              0  -0.9523954701887  -0.3048650158586  -2.687563711461e-05 
-144956.8901432  -144956.8901432              0  -0.9539350191563  -0.3000129664175  -5.931473217144e-05 
-141421.3562373  -141421.3562373              0  -0.9554467582007  -0.2951631781095  -1.153374107404e-05 
-137885.8223314  -137885.8223314              0  -0.9569882574561  -0.2901263107734  -2.81304135014e-05 
-134350.2884254  -134350.2884254              0  -0.9585179973628  -0.2850316662753  -3.09918086083e-05 
-130814.7545195  -130814.7545195              0  -0.9600513010769  -0.2798236970685  -5.999802405594e-05 
-127279.2206136  -127279.2206136              0  -0.9615612831246  -0.2745900776  -1.563334598706e-05 
-123743.6867076  -123743.6867076              0  -0.9630916461886  -0.2691733395046  -4.801669539817e-05 
-120208.1528017  -120208.1528017              0  -0.9645932507311  -0.2637416805179  -1.173389071801e-05 
-116672.6188958  -116672.6188958              0  -0.966113375225  -0.2581177073321  -5.182341136971e-05 
-113137.0849898  -113137.0849898              0  -0.9676036582883  -0.2524737105011  -1.64976892815e-05 
-109601.5510839  -109601.5510839              0  -0.9691064050291  -0.2466426171775  -7.084223311509e-05 
-106066.017178  -106066.017178              0  -0.9705719790064  -0.2408108173975  -6.583383053845e-06 
-102530.483272  -102530.483272              0  -0.9720483682899  -0.2347802671042  -2.184906414041e-05 
-98994.94936612  -98994.94936612              0  -0.9735071450547  -0.2286561955748  -2.875209200097e-05 
-95459.41546018  -95459.41546018              0  -0.9749471910097  -0.222436044189  -1.922595477196e-05 
-91923.88155425  -91923.88155425              0  -0.9763814319364  -0.2160534895372  -6.633139358928e-05 
-88388.34764832  -88388.34764832              0  -0.9777868737297  -0.2096011475792  -4.064159311559e-05 
-84852.81374239  -84852.81374239              0  -0.9791783199179  -0.2030015544542  -5.560370403304e-05 
-81317.27983645  -81317.27983645              0  -0.9805475397492  -0.1962812732715  -6.869985005208e-05 
-77781.74593052  -77781.74593052              0  -0.9818908893364  -0.1894468098176  -5.073918027447e-05 
-74246.21202459  -74246.21202459              0  -0.9832124858287  -0.1824637633053  -7.685879695214e-05 
-70710.67811865  -70710.67811865              0  -0.9844982409851  -0.1753939201002  -1.840251548307e-05 
-67175.14421272  -67175.14421272              0  -0.9857639229696  -0.1681348264346  -3.379577916713e-05 
-63639.61030679  -63639.61030679              0  -0.9869942899179  -0.160754797449  -3.153450513558e-05 
-60104.07640086  -60104.07640086              0  -0.9881926633531  -0.1532158009714  -5.604647018308e-05 
-56568.54249492  -56568.54249492              0  -0.9893487195878  -0.145564231691  -2.540576266913e-05 
-53033.00858899  -53033.00858899              0  -0.9904666467782  -0.1377521499702  -1.622684758553e-05 
-49497.47468306  -49497.47468306              0  -0.9915406750795  -0.1297956934895  -1.33112634214e-06 
-45961.94077712  -45961.94077712              0  -0.9925709363654  -0.1216666607572  7.216962689875e-07 
-42426.40687119  -42426.40687119              0  -0.9935563649679  -0.1133383776852  -4.850715280104e-05 
-38890.87296526  -38890.87296526              0  -0.994483895648  -0.1048886190302  -4.346415398586e-05 
-35355.33905933  -35355.33905933              0  -0.9953526939026  -0.09629567716683  -5.967450395055e-06 
-31819.80515339  -31819.80515339              0  -0.9961641016217  -0.08750387491202  -2.109621077712e-06 
-28284.27124746  -28284.27124746              0  -0.9969107692746  -0.07854149432457  5.973416078539e-06 
-24748.73734153  -24748.73734153              0  -0.9975923510192  -0.06934950510148  -4.620068848107e-05 
-21213.2034356  -21213.2034356              0  -0.9981964419559  -0.06003095644482  -1.618146576075e-05 
-17677.66952966  -17677.66952966              0  -0.9987244585052  -0.05049071362289  -3.06644078462e-05 
-14142.13562373  -14142.13562373              0  -0.9991671543317  -0.04080267889158  1.498035257008e-05 
-10606.6017178  -10606.6017178              0  -0.9995246000721  -0.03082910793374  -4.395168130334e-05 
-7071.067811865  -7071.067811865              0  -0.999785823533  -0.02069226449815  -4.820502408899e-05 
-3535.533905932  -3535.533905932              0  -0.9999463573087  -0.01035131378443  -2.649598188726e-05 
6.280369834735e-10  6.280369834735e-10              0  -0.999999913018  0.0002082044071549  -5.533793772087e-06 
3535.533905933  3535.533905933              0  -0.9999395078899  0.01099326578184  1.462991053321e-05 
7071.067811866  7071.067811866              0  -0.9997563399868  0.02207109210001  -5.807363423243e-05 
10606.6017178  10606.6017178              0  -0.9994437990047  0.03334622241671  -4.557752607903e-05 
14142.13562373  14142.13562373              0  -0.9989927051494  0.04487154231781  -2.719059273295e-05 
17677.66952966  17677.66952966              0  -0.9983945330162  0.05664132891196  1.330637168148e-05 
21213.2034356  21213.2034356              0  -0.9976350092273  0.06873336397134  -2.629125290732e-05 
24748.73734153  24748.73734153              0  -0.9967081435791  0.08107260223775  -7.629981531875e-06 
28284.27124746  28284.27124746              0  -0.9956014731341  0.09368885089345  3.351767954944e-05 
31819.8051534  31819.8051534              0  -0.9942920919019  0.1066917576661  -0.000112788912036 
35355.33905933  35355.33905933              0  -0.9927788669738  0.1199583748577  -4.729358437569e-05 
38890.87296526  38890.87296526              0  -0.9910385262195  0.133575926086  -8.97609288266e-05 
42426.40687119  42426.40687119              0  -0.9890584139379  0.1475240286545  -1.261232844357e-05 
45961.94077713  45961.94077713              0  -0.9868110119249  0.1618762226542  -0.000133060147241 
49497.47468306  49497.47468306              0  -0.9842821645286  0.1766027405236  -1.631159684469e-05 
53033.00858899  53033.00858899              0  -0.9814395257296  0.1917717110423  -0.0001187001244188 
56568.54249492  56568.54249492              0  -0.9782641106349  0.2073625792037  -1.629259342419e-05 
60104.07640086  60104.07640086              0  -0.9747139662576  0.2234560340579  -7.141190197113e-05 
63639.61030679  63639.61030679              0  -0.9707615199379  0.2400458061271  -2.840328487846e-05 
67175.14421272  67175.14421272              0  -0.9663583429174  0.2571992821228  -2.513725047263e-05 
70710.67811866  70710.67811866              0  -0.9614552296609  0.2749613287333  -0.0001230278903049 
74246.21202459  74246.21202459              0  -0.955992565986  0.2933907453826  -9.321090590237e-05 
77781.74593052  77781.74593052              0  -0.9499022000419  0.3125471688684  -2.631216767192e-05 
81317.27983645  81317.27983645              0  -0.9430902322371  0.3325368196958  -8.690462018804e-05 
84852.81374239  84852.81374239              0  -0.9354525977803  0.3534521208471  -4.034662885816e-05 
88388.34764832  88388.34764832              0  -0.9268466332887  0.3754401034296  -5.56868704956e-05 
91923.88155425  91923.88155425              0  -0.9170917878858  0.3986760358809  -3.447494925018e-05 
95459.41546018  95459.41546018              0  -0.9059357192941  0.4234151765108  -3.208302663047e-05 
98994.94936612  98994.94936612              0  -0.8930237257118  0.4500095530536  -1.035241253356e-05 
102530.4832721  102530.4832721              0  -0.8778371817102  0.4789590666625  9.335881877049e-05 
106066.017178  106066.017178              0  -0.8594328186056  0.5112486307144  5.437795444145e-05 
109601.5510839  109601.5510839              0  -0.8362094273968  0.5484101421827  0.0001733691272468 
113137.0849898  113137.0849898              0  -0.8038413018932  0.5948437606319  0.000100388270057 
116672.6188958  116672.6188958              0  -0.7379780566014  0.6748245193112  -0.0004292253195876 
120208.1528017  120208.1528017              0  0.9645771375378  0.2638005532348  0.0001815468656819 
123743.6867076  123743.6867076              0  0.9630724623425  0.2692419645241  3.651177116751e-05 
127279.2206136  127279.2206136              0  0.9615610104659  0.274591022142  1.434853176654e-05 
130814.7545195  130814.7545195              0  0.9600239315006  0.2799175850433  6.64328787396e-05 
134350.2884254  134350.2884254              0  0.9585050893603  0.2850750703676  3.191219476328e-05 
137885.8223314  137885.8223314              0  0.9569689950585  0.2901898455935  6.545435312293e-05 
141421.3562373  141421.3562373              0  0.9554407398363  0.2951826526239  5.363660779325e-05 
144956.8901432  144956.8901432              0  0.9539119905329  0.3000861909065  4.488484544084e-05 
148492.4240492  148492.4240492              0  0.9523984968194  0.3048555535217  1.02980445514e-05 
152027.9579551  152027.9579551              0  0.9508603036125  0.309619910409  2.150306042282e-05 
155563.491861  155563.491861              0  0.9493347395872  0.3142663753204  1.91231486252e-05 
159099.025767  159099.025767              0  0.9478195702846  0.318806947904  9.625149632116e-06 
162634.5596729  162634.5596729              0  0.9462954622973  0.3233028053561  1.013574004589e-05 
166170.0935788  166170.0935788              0  0.9447634045356  0.3277528262366  2.801921688014e-05 
169705.6274848  169705.6274848              0  0.943254214803  0.3320712118884  2.065556045806e-05 
173241.1613907  173241.1613907              0  0.9417325380356  0.3363623502351  4.510220141988e-05 
176776.6952966  176776.6952966              0  0.9402307743115  0.3405376611525  3.699684523617e-05 
180312.2292026  180312.2292026              0  0.9387433301111  0.3446168431962  1.867183788924e-05 
183847.7631085  183847.7631085              0  0.9372499078779  0.3486580254772  1.862066283163e-05 
187383.2970144  187383.2970144              0  0.9357570552956  0.3526450627642  2.63390291344e-05 
190918.8309204  190918.8309204              0  0.9342727027362  0.3565590048036  3.4847729649e-05 
194454.3648263  194454.3648263              0  0.9328139308376  0.3603581288609  1.860085988747e-05 
197989.8987322  197989.8987322              0  0.9313323750157  0.364170034528  4.012309428207e-05 
201525.4326382  201525.4326382              0  0.9298827823311  0.3678557083893  2.730637869415e-05 
205060.9665441  205060.9665441              0  0.9284324729416  0.3715009480378  2.875250492256e-05 
 208596.50045   208596.50045              0  0.9269886712934  0.3750890750752  3.329963111775e-05 
212132.034356  212132.034356              0  0.9255533324829  0.37861700346  4.011446975196e-05 
215667.5682619  215667.5682619              0  0.9241378076938  0.3820590520397  2.779325991324e-05 
219203.1021678  219203.1021678              0  0.9227189944405  0.3854730414507  3.415608999657e-05 
222738.6360738  222738.6360738              0  0.9213080674881  0.388833192328  4.671101036596e-05 
226274.1699797  226274.1699797              0  0.919943782486  0.3920500609478  2.305946203213e-05 
229809.7038856  229809.7038856              0  0.9185466682817  0.3953123133831  2.185642359962e-05 
233345.2377916  233345.2377916              0  0.9171739214316  0.3984868932334  2.121662773522e-05 
236880.7716975  236880.7716975              0  0.9157934659566  0.4016492710005  2.900274367551e-05 
240416.3056034  240416.3056034              0  0.9144318306048  0.4047397138572  3.693507500465e-05 
243951.8395094  243951.8395094              0  0.9130836418966  0.4077720828475  4.057920206481e-05 
247487.3734153  247487.3734153              0  0.9117617395357  0.4107193029715  2.571655484663e-05 
251022.9073212  251022.9073212              0  0.9104562966876  0.4136050646581  2.860496932711e-05 
254558.4412272  254558.4412272              0  0.9091402851326  0.416489807907  2.754932463002e-05 
258093.9751331  258093.9751331              0  0.9077982644627  0.4194068696438  4.52083273325e-05 
261629.509039  261629.509039              0  0.9065352319434  0.4221299448207  2.817796695188e-05 
265165.042945  265165.042945              0  0.9052440499732  0.4248917783329  2.43504898286e-05 
268700.5768509  268700.5768509              0  0.903959671845  0.4276175025879  2.733256475482e-05 
272236.1107568  272236.1107568              0  0.9026968589407  0.4302768798313  2.836351408953e-05 
275771.6446628  275771.6446628              0  0.9014444922464  0.4328944993977  2.805487854411e-05 
279307.1785687  279307.1785687              0  0.900212582524  0.4354504867716  2.668744686631e-05 
282842.7124746  282842.7124746              0  0.8989854938035  0.437978199211  2.800661867401e-05 
286378.2463806  286378.2463806              0  0.8977589276632  0.4404869172104  2.654488195381e-05 
289913.7802865  289913.7802865              0  0.8965320527581  0.4429786613013  3.38029695637e-05 
293449.3141924  293449.3141924              0  0.8953340227767  0.4453951157003  3.295181891198e-05 
296984.8480984  296984.8480984              0  0.8941587794396  0.447749814617  2.817410099756e-05 
300520.3820043  300520.3820043              0  0.8929847565561  0.4500867092817  2.884561122065e-05 
304055.9159102  304055.9159102              0  0.8918154178412  0.4523992509789  2.854844079079e-05 
307591.4498161  307591.4498161              0  0.8906550942867  0.454679364073  2.821514609361e-05 
311126.9837221  311126.9837221              0  0.8895041698297  0.4569268581289  2.820605367612e-05 
314662.517628  314662.517628              0  0.8883573600824  0.4591525031002  3.070406115006e-05 
318198.0515339  318198.0515339              0  0.8872271040796  0.4613327283274  3.348317947191e-05 
321733.5854399  321733.5854399              0  0.8861358644927  0.4634253517076  3.608397435852e-05 
325269.1193458  325269.1193458              0  0.8850045409569  0.465582198959  3.219821193726e-05 
328804.6532517  328804.6532517              0  0.8839250518876  0.4676284096633  3.147895001538e-05 
332340.1871577  332340.1871577              0  0.8828192589621  0.4697126569867  3.494973733453e-05 
335875.7210636  335875.7210636              0  0.8817693566868  0.4716806443722  3.653841216384e-05 
339411.2549695  339411.2549695              0  0.880694707636  0.473684136096  3.060364144819e-05 
342946.7888755  342946.7888755              0  0.8796465717864  0.4756277325762  3.605572192992e-05 
346482.3227814  346482.3227814              0  0.8785823353593  0.4775907335103  2.982021698091e-05 
350017.8566873  350017.8566873              0  0.877552804197  0.479479829766  3.150134373295e-05 
353553.3905933  353553.3905933              0  0.8765348821929  0.48133816933  3.653345470095e-05 
357088.9244992  357088.9244992              0  0.8754939713212  0.4832288674907  3.249615498945e-05 
360624.4584051  360624.4584051              0  0.874492669641  0.4850385549885  3.117696441027e-05 
364159.9923111  364159.9923111              0  0.8735012537921  0.4868217260855  3.207529171658e-05 
367695.526217  367695.526217              0  0.8725111272974  0.4885940724044  3.115287155426e-05 
371231.0601229  371231.0601229              0  0.8715432016869  0.4903185526777  4.16923130604e-05 
374766.5940289  374766.5940289              0  0.8705539532851  0.4920728084914  3.026604143501e-05 
378302.1279348  378302.1279348              0  0.8695879191418  0.4937779731938  3.19489197763e-05 
381837.6618407  381837.6618407              0  0.8686352558112  0.4954519420607  3.201537530467e-05 
385373.1957467  385373.1957467              0  0.8676968125292  0.4970936313667  3.15105897648e-05 
388908.7296526  388908.7296526              0  0.8667528176953  0.4987377952125  3.301442791333e-05 
392444.2635585  392444.2635585              0  0.8658377054519  0.5003248009721  3.236632828446e-05 
395979.7974645  395979.7974645              0  0.8649389501225  0.5018769291618  5.032918309879e-05 
399515.3313704  399515.3313704              0  0.8640142390579  0.5034672140469  3.229573470885e-05 
403050.8652763  403050.8652763              0  0.8631272146921  0.5049863879344  4.67831863477e-05 
406586.3991823  406586.3991823              0  0.8622172002335  0.5065385878483  3.118432544332e-05 
410121.9330882  410121.9330882              0  0.8613239058762  0.5080560689632  3.409609112546e-05 
413657.4669941  413657.4669941              0  0.8604670613076  0.5095059170841  3.620633502643e-05 
417193.0009001  417193.0009001              0  0.8595888315566  0.5109861871668  3.165112142496e-05 
420728.534806  420728.534806              0  0.8587341488606  0.5124212179963  3.251752492553e-05 
424264.0687119  424264.0687119              0  0.8578943201303  0.5138260215638  4.002549721374e-05 
427799.6026179  427799.6026179              0  0.8570351777077  0.5152577485507  3.1592789485e-05 
431335.1365238  431335.1365238              0  0.8562112677462  0.5166256971472  3.488484033363e-05 
434870.6704297  434870.6704297              0  0.8553886863287  0.51798652688  3.925726426216e-05 
438406.2043357  438406.2043357              0  0.854557236385  0.5193570795879  3.166370472944e-05 
441941.7382416  441941.7382416              0  0.853747264824  0.52068748332  3.247382913477e-05 
445477.2721475  445477.2721475              0  0.8529480463397  0.5219956691276  3.479338417557e-05 
449012.8060535  449012.8060535              0  0.852140707933  0.5233125855567  3.169111302296e-05 
452548.3399594  452548.3399594              0  0.8513522039552  0.5245943895211  3.223693293948e-05 
456083.8738653  456083.8738653              0  0.8505697301563  0.5258621332647  3.228438315225e-05 
459619.4077713  459619.4077713              0  0.8497975253309  0.5271091128675  3.215256518903e-05 
463154.9416772  463154.9416772              0  0.8490454705961  0.5283196379792  4.386492540424e-05 
466690.4755831  466690.4755831              0  0.8482862211996  0.529537853678  4.498962484703e-05 
470226.0094891  470226.0094891              0  0.8475320336949  0.5307441041132  4.395028003877e-05 
473761.543395  473761.543395              0  0.8467844536586  0.5319360316882  4.271690585907e-05 
477297.0773009  477297.0773009              0  0.8460434089018  0.5331138748429  4.088174076175e-05 
480832.6112069  480832.6112069              0  0.8453079394224  0.5342792729372  3.823383370853e-05 
484368.1451128  484368.1451128              0  0.8445812146754  0.5354273306658  3.775623975122e-05 
487903.6790187  487903.6790187              0  0.8438556939055  0.536570054509  3.307532277719e-05 
491439.2129247  491439.2129247              0  0.8431341559197  0.5377031241004  3.243438254416e-05 
494974.7468306  494974.7468306              0  0.8424315734336  0.5388032111477  3.20259205438e-05 
498510.2807365  498510.2807365              0  0.8417349968928  0.5398907778174  3.329344962391e-05 
502045.8146424  502045.8146424              0  0.8410553085286  0.5409490037691  4.949806586648e-05 
505581.3485484  505581.3485484              0  0.8403482554203  0.5420467394026  3.138958312753e-05 
509116.8824543  509116.8824543              0  0.8396657347655  0.543103408083  3.17732965161e-05 
512652.4163602  512652.4163602              0  0.8390085913722  0.5441180410072  4.460219666894e-05 
516187.9502662  516187.9502662              0  0.8383204423213  0.5451776733759  3.129146654421e-05 
519723.4841721  519723.4841721              0  0.8376562153476  0.5461976971864  3.264504703396e-05 
523259.018078  523259.018078              0  0.8370183582787  0.547174678045  4.388590105402e-05 
526794.551984  526794.551984              0  0.8363672348744  0.5481694167385  4.30876061249e-05 
530330.0858899  530330.0858899              0  0.8357206199485  0.5491547206455  4.147835823555e-05 
533865.6197958  533865.6197958              0  0.8350777790478  0.5501317709201  3.770279565209e-05 
537401.1537018  537401.1537018              0  0.8344408028852  0.5510974590534  3.508088937196e-05 
540936.6876077  540936.6876077              0  0.8338110952489  0.5520497450194  3.413465615923e-05 
544472.2215136  544472.2215136              0  0.8331903348105  0.5529861931664  3.570696532927e-05 
548007.7554196  548007.7554196              0  0.8325693179408  0.553920748402  3.317363251157e-05 
551543.2893255  551543.2893255              0  0.8319509308215  0.554849091054  3.142122368384e-05 
555078.8232314  555078.8232314              0  0.831349669587  0.5557495771825  3.321772168278e-05 
558614.3571374  558614.3571374              0  0.8307407098239  0.5566594462921  3.155967425336e-05 
562149.8910433  562149.8910433              0  0.8301449110193  0.557547570433  3.172466163996e-05 
565685.4249492  565685.4249492              0  0.8295708283839  0.5584013854344  4.498327602365e-05 
569220.9588552  569220.9588552              0  0.8289775268082  0.5592817963955  3.430401983721e-05 
572756.4927611  572756.4927611              0  0.8283919908769  0.5601487104347  3.153135291061e-05 
576292.026667  576292.026667              0  0.8278291825212  0.5609801356255  4.668108187299e-05 
579827.560573  579827.560573              0  0.8272455461779  0.5618404360567  3.168759424837e-05 
583363.0944789  583363.0944789              0  0.8266951636475  0.5626499567916  5.519598983359e-05 
586898.6283848  586898.6283848              0  0.8261152508251  0.5635010759905  3.120488100183e-05 
590434.1622908  590434.1622908              0  0.8255703660884  0.564299070545  3.970942091013e-05 
593969.6961967  593969.6961967              0  0.8250089682087  0.5651195216949  3.136028587005e-05 
597505.2301026  597505.2301026              0  0.8244736846598  0.5659001804976  4.267278142488e-05 
601040.7640086  601040.7640086              0  0.8239342320607  0.5666853204022  4.957919021018e-05 
604576.2979145  604576.2979145              0  0.8233926319731  0.5674719780778  4.135166987658e-05 
608111.8318204  608111.8318204              0  0.8228622630522  0.5682407659975  4.705988050088e-05 
611647.3657264  611647.3657264              0  0.8223314421766  0.5690086751247  4.305677354598e-05 
615182.8996323  615182.8996323              0  0.8218044632254  0.5697695132167  3.910781731405e-05 
618718.4335382  618718.4335382              0  0.821290231834  0.5705104976832  5.224878871139e-05 
622253.9674442  622253.9674442              0  0.8207665873405  0.5712635855064  3.617941658819e-05 
625789.5013501  625789.5013501              0  0.8202567956585  0.5719953360928  3.886825910824e-05 
629325.035256  629325.035256              0  0.8197514934225  0.5727192717846  4.15525812335e-05 
632860.569162  632860.569162              0  0.8192426884105  0.5734468536087  3.371216644733e-05 
636396.1030679  636396.1030679              0  0.8187473310889  0.5741538856237  3.85274586932e-05 
639931.6369738  639931.6369738              0  0.8182471925381  0.5748664272526  3.234922511538e-05 
643467.1708798  643467.1708798              0  0.8177595915955  0.5755598386958  3.54832018416e-05 
647002.7047857  647002.7047857              0  0.8172610937725  0.5762674576972  3.034875406938e-05 
650538.2386916  650538.2386916              0  0.8167850370891  0.5769420092706  3.220586254009e-05 
654073.7725976  654073.7725976              0  0.8162988292361  0.5776297260814  3.0588538003e-05 
657609.3065035  657609.3065035              0  0.8158309908706  0.5782903024754  3.17445502598e-05 
661144.8404094  661144.8404094              0  0.8153600335442  0.578954139567  3.18361131863e-05 
664680.3743154  664680.3743154              0  0.8148982987521  0.5796038671956  3.782750792745e-05 
668215.9082213  668215.9082213              0  0.8144246435937  0.5802692313184  2.997274642601e-05 
671751.4421272  671751.4421272              0  0.8139787549024  0.5808945403108  4.889288476864e-05 
675286.9760332  675286.9760332              0  0.8135083991535  0.5815530640355  2.986541064567e-05 
678822.5099391  678822.5099391              0  0.8130686382844  0.5821677341231  4.653134566548e-05 
682358.043845  682358.043845              0  0.8126198375674  0.5827940297755  4.584163867535e-05 
685893.577751  685893.577751              0  0.8121612219859  0.5834329717875  2.983041057804e-05 
689429.1116569  689429.1116569              0  0.8117311529327  0.5840311788012  4.503018897737e-05 
692964.6455628  692964.6455628              0  0.8112826597495  0.5846540258673  3.058384830298e-05 
696500.1794687  696500.1794687              0  0.8108545317673  0.5852476505028  3.920519807324e-05 
700035.7133747  700035.7133747              0  0.8104243649932  0.585843180861  4.177544094387e-05 
703571.2472806  703571.2472806              0  0.8099937112163  0.5864384644394  3.799634502552e-05 
707106.7811865  707106.7811865              0  0.8095708907683  0.5870220246845  4.344800717453e-05 
